image_width: 640
image_height: 480
camera_name: camera
camera_matrix:
  rows: 3
  cols: 3
  data: [342.108076, 0.000000, 323.626494, 0.000000, 342.082275, 243.756747, 0.000000, 0.000000, 1.000000]
distortion_model: plumb_bob
distortion_coefficients:
  rows: 1
  cols: 5
  data: [-0.264398, 0.047920, 0.001217, -0.002295, 0.000000]
rectification_matrix:
  rows: 3
  cols: 3
  data: [1.000000, 0.000000, 0.000000, 0.000000, 1.000000, 0.000000, 0.000000, 0.000000, 1.000000]
projection_matrix:
  rows: 3
  cols: 4
  data: [229.378723, 0.000000, 319.020092, 0.000000, 0.000000, 286.739136, 246.855786, 0.000000, 0.000000, 0.000000, 1.000000, 0.000000]
